  8.000000000000000E-002  5.390879332472701E-002
  0.160000000000000       7.773605690106174E-002
  0.240000000000000       9.650038873751844E-002
  0.320000000000000       0.108938903779113     
  0.400000000000000       0.115187811580179     
  0.480000000000000       0.116378023188631     
  0.560000000000000       0.114400422841502     
  0.640000000000000       0.110777285450311     
  0.720000000000000       0.107215381904747     
  0.800000000000000       9.626907734868979E-002
  0.880000000000000       8.126454998618844E-002
  0.960000000000000       7.648451585918098E-002
   1.04000000000000       7.131061886657752E-002
   1.12000000000000       6.618631345996170E-002
   1.20000000000000       6.148083348133673E-002
