  8.000000000000000E-002  5.188942861346719E-002
  0.160000000000000       7.567947730014020E-002
  0.240000000000000       9.503539030704151E-002
  0.320000000000000       0.108235590790897     
  0.400000000000000       0.115229671041383     
  0.480000000000000       0.116991461964500     
  0.560000000000000       0.115363601548054     
  0.640000000000000       0.111938540652313     
  0.720000000000000       0.108599580609860     
  0.800000000000000       9.901393098598629E-002
  0.880000000000000       8.352722639651135E-002
  0.960000000000000       7.827035877408045E-002
   1.04000000000000       7.287444363710081E-002
   1.12000000000000       6.760153037419944E-002
   1.20000000000000       6.277448080042748E-002
