  8.000000000000000E-002  0.118022878463956     
  0.160000000000000       0.120613269254618     
  0.240000000000000       0.116726663463164     
  0.320000000000000       0.109714298864264     
  0.400000000000000       0.101763590324593     
  0.480000000000000       9.508197140967400E-002
  0.560000000000000       8.902897682837155E-002
  0.640000000000000       8.411396757585116E-002
  0.720000000000000       7.433544243782712E-002
  0.800000000000000       6.893477558855590E-002
  0.880000000000000       6.256538739189438E-002
  0.960000000000000       5.649242909709103E-002
   1.04000000000000       5.185332909531704E-002
#   1.12000000000000       3.061802916565153E-002
   1.20000000000000       3.641174494201526E-002
