  8.000000000000000E-002  2.967699489630769E-002
  0.160000000000000       4.460595289040552E-002
  0.240000000000000       5.587398195956624E-002
  0.320000000000000       6.414248380106294E-002
  0.400000000000000       7.063838779274660E-002
  0.480000000000000       7.663847297037747E-002
  0.560000000000000       8.464910642210022E-002
  0.640000000000000       0.100170354985206     
  0.720000000000000       0.143700007003868     
  0.800000000000000       0.187201083159094     
  0.880000000000000       4.578534044728286E-002
  0.960000000000000       3.294230489716649E-002
   1.04000000000000       3.335493569886464E-002
   1.12000000000000       3.426414962016108E-002
   1.20000000000000       3.457758497708643E-002
