  8.000000000000002E-002   344.826964914008     
  0.160000000000000        188.531136421554     
  0.240000000000000        138.741439646544     
  0.320000000000000        113.862342634757     
  0.400000000000000        98.5614780545506     
  0.480000000000000        88.1956012481151     
  0.560000000000000        80.7237276593273     
  0.640000000000000        75.1638086843030     
  0.720000000000000        70.7365192656420     
  0.800000000000000        69.8675598197481     
  0.880000000000000        64.4589364782242     
  0.960000000000000        60.2521704718641     
   1.04000000000000        56.9137145311365     
   1.12000000000000        53.4010185146377     
   1.20000000000000        51.1723394898701     
