  1.416666666666667E-002   10.8889483996325     
  2.833333333333333E-002   17.2303213728100     
  4.249999999999999E-002   21.3788680818986     
  5.666666666666666E-002   24.0373723917870     
  7.083333333333333E-002   26.1483743068048     
  8.499999999999998E-002   28.0629045219853     
  9.916666666666667E-002   29.9101158657803     
  0.113333333333333        31.7972571973949     
  0.127500000000000        33.9580949256649     
  0.141666666666667        37.2671449067877     
  0.155833333333333        47.5003477987045     
  0.170000000000000        109.408702596972     
  0.184166666666667        56.6247334189077     
  0.198333333333333        45.7482877791518     
  0.212500000000000        43.9077721758828     
  0.226666666666667        43.7166929517192     
  0.240833333333333        43.9704026684830     
  0.255000000000000        44.3459477382639     
  0.269166666666667        44.7331681633316     
  0.283333333333333        45.0923695809135     
  0.297500000000000        45.4128779531349     
  0.311666666666667        45.6984905311748     
  0.325833333333333        45.9618352743546     
  0.340000000000000        46.2219753185418     
  0.354166666666667        46.5028046619498     
  0.368333333333333        46.8308378034829     
  0.382500000000000        47.2315409536474     
  0.396666666666667        47.7240834905663     
  0.410833333333333        48.3156199902747     
  0.425000000000000        48.9972711053540     
  0.439166666666667        49.7441060728875     
  0.453333333333333        50.5198807028349     
  0.467500000000000        51.2848819794722     
  0.481666666666667        52.0037401768476     
  0.495833333333333        52.6505317162065     
  0.510000000000000        53.2103117758784     
  0.524166666666667        53.6778769988559     
  0.538333333333333        54.0551843113180     
  0.552500000000000        54.3486061359187     
  0.566666666666667        54.5666909047103     
  0.580833333333333        54.7186121715340     
  0.595000000000000        54.8132279520892     
  0.609166666666667        54.8586186590085     
  0.623333333333333        54.8618974126676     
  0.637500000000000        54.8292519872627     
  0.651666666666667        54.7661766776350     
  0.665833333333333        54.6791526695811     
  0.680000000000000        55.2596365852433     
  0.694166666666666        54.4238792053032     
  0.708333333333333        54.2755029143374     
  0.722500000000000        54.1117051833533     
  0.736666666666667        53.9351352113787     
  0.750833333333333        53.7477365462287     
  0.765000000000000        53.5511727583837     
  0.779166666666667        53.3470132906107     
  0.793333333333333        53.1380481620663     
  0.807500000000000        52.9260269868387     
  0.821666666666667        52.6957539478986     
  0.835833333333333        52.4712136754568     
  0.850000000000000        52.2434694240157     
