  2.500000000000000E-002   43.9682121640099     
  5.000000000000000E-002   71.2094129465676     
  7.500000000000001E-002   97.5074748260288     
  0.100000000000000        224.317426895355     
  0.125000000000000        132.529081760697     
  0.150000000000000        131.769975574803     
  0.175000000000000        137.245907290926     
  0.200000000000000        142.739632544844     
  0.225000000000000        145.464483856926     
  0.250000000000000        147.319747622757     
  0.275000000000000        153.718643868935     
  0.300000000000000        161.253870123482     
  0.325000000000000        156.899139802993     
  0.350000000000000        153.167829315895     
  0.375000000000000        152.906402096623     
  0.400000000000000        154.227343769532     
  0.425000000000000        156.123194880352     
  0.450000000000000        157.867918128791     
  0.475000000000000        158.581007452025     
  0.500000000000000        157.672450292218     
  0.525000000000000        155.329884599595     
  0.550000000000000        152.216579003201     
  0.575000000000000        148.895813024635     
  0.600000000000000        145.622772684610     
  0.625000000000000        142.443440672031     
  0.650000000000000        139.344532811182     
  0.675000000000000        136.335248195420     
  0.700000000000000        133.457586198332     
  0.725000000000000        130.764801335123     
  0.750000000000000        128.301601306427     
